# Created by Octave 4.0.0, Wed Sep 06 10:52:34 2017 IST <knrai@knrai-K56CA>
# name: v
# type: matrix
# rows: 10
# columns: 2
 0 0
 1.1 39343
 1.3 46205
 1.5 37731
 2 43525
 2.2 39891
 2.9 56642
 3 60150
 3.2 54445
 3.2 64445


